 A = [2 3 0; -5 0 8]
 B = [4 -3 1; -1 0 5]
 A-B
 A+B
 A.*B
 A'
 B'

 